0.24
-0.28
-0.36
0.59
-0.27
-0.65
-0.43
-0.22
-0.29
-0.58
0.77
-0.72
-0.64
-0.87
-1.38
-0.33
-0.39
-1.15
-0.03
0.28
-0.38
0.08
0.56
0.73
0.31
-0.17
0.46
-0.04
-0.58
0.05
-0.25
-0.82
-0.48
-0.63
-0.84
-0.39
0.55
-0.66
-0.50
0.26
0.36
-0.78
-0.74
0.18
0.23
0.22
0.01
1.26
0.89
1.29
0.86
0.37
0.35
-0.72
0.73
0.70
-0.01
1.12
0.72
-0.41
-0.52
0.78
0.63
1.04
0.72
-0.17
1.01
0.98
-0.46
0.02
0.02
-0.08
-0.63
0.20
0.29
-0.28
0.49
0.15
0.07
0.38
0.42
0.39
0.56
0.57
0.35
0.13
0.16
-0.13
-0.09
-0.88
-0.48
-0.36
0.46
-0.27
0.89
0.55
0.66
0.06
-0.05
1.17
0.76
0.39
-0.42
1.29
1.02
0.47
-0.76
-1.19
-1.24
0.02
-0.59
-0.25
-0.72
1.09
0.77
0.93
0.53
1.05
1.21
1.23
-0.23
-0.95
-0.29
-0.37
-0.17
0.08
0.01
0.19
0.34
0.49
0.50
0.42
0.42
0.64
0.48
0.60
0.47
0.07
-0.31
-0.30
0.38
-0.12
-0.05
0.38
0.04
0.66
0.97
-0.02
0.57
0.04
0.52
1.32
1.30
0.75
1.07
1.00
0.34
-0.89
-0.63
0.46
0.86
0.81
0.69
1.09
1.11
0.17
1.32
0.27
1.17
1.36
0.41
-0.10
-0.34
-0.81
-0.04
0.04
-0.05
-0.51
-0.38
0.13
0.13
0.36
0.55
0.17
0.40
0.50
0.27
0.34
0.16
-0.21
-0.01
-0.17
-0.47
-0.28
0.40
0.37
0.67
0.59
-0.32
-0.21
0.34
-0.02
0.43
-0.13
0.13
0.43
-0.46
-0.82
0.40
0.11
-0.48
-0.39
-0.83
-0.18
-0.41
-0.44
-0.30
0.78
0.01
0.21
1.08
0.28
-0.53
-0.07
-0.71
-0.04
-0.18
-0.18
0.08
0.16
-0.04
-0.10
0.45
0.42
0.39
0.57
0.61
0.58
0.70
0.73
0.34
-0.16
0.06
-0.61
-0.30
-0.44
-0.04
-0.23
-0.86
0.29
0.16
0.09
0.42
-0.50
-0.49
0.14
-0.43
-1.11
0.83
0.90
-0.73
-0.71
-0.56
-0.30
-0.17
0.01
-0.08
-1.23
0.55
0.41
-0.86
0.25
1.07
0.33
-0.67
-0.09
0.11
-0.47
0.21
0.70
-0.01
-1.29
-0.20
0.16
-1.12
-0.13
0.10
0.01
0.09
1.03
0.74
-0.14
-0.43
0.66
-0.65
-0.32
0.15
-0.43
-1.12
-0.27
0.55
-1.06
-1.09
-0.59
-0.82
-0.46
0.03
-0.12
-0.60
-0.55
-0.41
-0.09
-0.94
0.33
-0.59
-1.00
-0.25
-0.08
-0.67
-0.89
-0.20
-1.08
-0.32
-0.13
-0.05
-0.68
0.19
0.60
0.43
-0.45
1.27
-0.04
-0.76
-1.01
-0.31
-0.59
-0.34
-0.03
-0.57
-0.83
-0.01
-0.28
-0.81
0.12
0.37
-0.96
-0.22
0.13
-0.02
-0.82
0.74
0.85
0.13
-0.85
0.73
-0.61
-0.42
-0.04
-0.57
-0.86
0.67
-0.05
-1.09
0.41
0.89
0.32
-0.29
-0.08
0.29
-0.47
0.02
0.94
0.94
-1.32
-0.76
-0.99
-0.88
-0.29
-0.00
-0.99
-0.71
-0.70
-0.97
-1.07
0.29
0.05
-0.93
-0.13
0.02
-0.67
-0.23
-0.15
0.01
-1.14
0.21
0.68
0.37
-0.75
-0.02
-0.26
-0.86
-0.11
0.86
-1.64
-0.62
0.16
0.60
-0.61
0.26
0.36
-0.26
0.11
-0.23
0.95
-0.01
-0.30
0.32
-0.79
0.23
0.10
-0.71
-1.16
-0.07
0.87
-1.22
-0.20
-0.84
-0.98
-0.26
0.19
0.01
-0.68
-0.28
-0.47
-1.20
-0.31
-0.10
-0.09
-0.27
-0.12
0.00
-0.98
0.25
-0.65
-1.13
0.15
-0.19
-0.42
-0.57
0.04
0.35
-0.93
-0.57
-0.49
0.17
1.31
0.51
-0.18
1.31
0.37
0.84
0.92
-0.49
-0.18
0.18
-0.91
0.82
0.03
-0.93
-0.44
-0.15
-0.09
0.04
0.61
1.09
-0.07
0.04
0.41
0.68
-0.89
-0.45
-0.01
-0.70
-0.40
-0.20
0.07
0.29
0.16
0.33
0.26
0.49
0.42
0.26
0.28
0.29
0.26
0.00
-0.79
-0.71
-0.82
-0.34
0.59
0.16
-0.21
0.92
-0.33
0.19
0.42
-0.12
0.14
1.63
1.14
-0.32
-0.07
